   1 3121822620800 0.924
   2 1626159921624 0.752
   3 25012412217702 2.719
   4 20400910549415 2.453
   5 212230253750 0.378
   6 79691670189 0.326
   7 107122881546875 6.940
   8 874324760084 0.542
   9 1873752550912 0.721
  10 15498511648752 2.127
  11 18754474663197 2.313
  12 30062589570792 3.129
  13 5255102174628 1.180
  14 38406348936 0.269
  15 47045962584819 4.101
  16 35204230356864 3.361
  17 4758714813600 1.134
  18 2661904253952 0.890
  19 3396947843355 1.005
  20 13104674106114 1.906
  21 20069239092 0.247
  22 21015239744000 2.455
  23 2388558729033 0.855
  24 35801721335034 3.365
  25 14534646494816 2.038
  26 14007335377500 1.983
  27 77941757574912 5.670
  28 3514788972750 0.995
  29 7937317507072 1.498
  30 105967176962144 6.926
  31 70062895459296 5.236
  32 25183124224 0.242
  33 40852079695872 3.759
  34 480281962941 0.454
  35 103711230338176 6.543
  36 81972490419456 5.625
  37 10173074761872 1.638
  38 89834961765201 6.082
  39 45221275593242 3.961
  40 21333964539460 2.492
  41 75248107284485 5.482
  42 45940212523008 3.914
  43 17681156565100 2.293
  44 13575494868 0.229
  45 11261975659 0.242
  46 58421017034600 4.734
  47 43069717548 0.277
  48 4517851025856 1.096
  49 124630795543 0.329
  50 45903085211327 4.287
  51 8950939075584 1.554
  52 1175347598870 0.619
  53 4404896562564 1.082
  54 27591454918782 2.895
  55 24211572736 0.254
  56 90670251179936 6.339
  57 405715833856 0.437
  58 54490231881404 4.379
  59 98004705572380 6.576
  60 823761446400 0.551
  61 510754400256 0.475
  62 270459556956 0.384
  63 39002919524848 3.645
  64 3061403982500 0.956
  65 79635932678466 5.749
  66 24453381117888 2.765
  67 7975752630516 1.474
  68 30175516554885 3.203
  69 90573916851248 6.142
  70 70545572400 0.311
  71 68709083223000 5.258
  72 7622674523604 1.377
  73 108292880808 0.350
  74 66754696510700 5.102
  75 87642725861152 5.909
  76 61284959399300 4.527
  77 102404256875000 6.640
  78 44667764229481 3.910
  79 804264566175 0.541
  80 59162163489316 4.571
  81 157575775625 0.355
  82 3091819797500 0.929
  83 10376344664 0.237
  84 364272881168 0.428
  85 3364633450000 0.984
  86 918770207238 0.551
  87 46694112932250 4.357
  88 31298660554752 3.042
  89 20390222839604 2.436
  90 82805668800 0.307
  91 2505970962046 0.846
  92 166774008384 0.374
  93 25706859246068 2.811
  94 71652142671741 5.168
  95 5612318587140 1.213
  96 72922884628 0.318
  97 102471591846729 6.664
  98 23841701276148 2.597
  99 5383968642403 1.179
