   1 5297685063104 0.958
   2 3106187245000 0.777
   3 40803476088480 2.917
   4 33961084225728 2.660
   5 332894642976 0.428
   6 124134565016 0.340
   7 178299749766600 7.433
   8 1404540716800 0.602
   9 2964436989696 0.749
  10 26423060556189 2.309
  11 31471922595249 2.608
  12 50945147904000 3.358
  13 8918827940358 1.241
  14 64491048604 0.285
  15 80451788457700 4.510
  16 59130409038876 3.572
  17 8062335450844 1.191
  18 4579235810316 0.904
  19 6045264792139 1.106
  20 22085862080000 1.982
  21 30174792525 0.256
  22 34818696406393 2.498
  23 4143200811501 0.835
  24 59410307965320 3.415
  25 24477108383898 2.026
  26 23411974300965 2.026
  27 132965562858912 5.852
  28 6128440623576 0.985
  29 14014657122624 1.562
  30 180229345862625 7.106
  31 115801551093256 5.381
  32 38721689854 0.261
  33 69726352471687 3.865
  34 769510421925 0.479
  35 169559139617916 6.678
  36 133222984511152 5.808
  37 17015018574375 1.649
  38 149810686903152 6.265
  39 74993551367904 4.006
  40 36523921863600 2.604
  41 123107148558270 5.638
  42 75329251398661 4.179
  43 30605217366268 2.386
  44 21437158764 0.220
  45 21786523276 0.224
  46 101427434654416 4.960
  47 70903955128 0.281
  48 7530429658025 1.137
  49 201616080625 0.349
  50 80674726541200 4.258
  51 14826742824862 1.661
  52 1986306512784 0.631
  53 7257193110000 1.153
  54 44481273873408 3.265
  55 39062089984 0.301
  56 154933182187261 7.051
  57 639185888256 0.431
  58 90562296726408 4.747
  59 168294674258844 7.091
  60 1443059082836 0.564
  61 794515093750 0.475
  62 435812938933 0.409
  63 65853614925000 3.795
  64 5210386663104 0.977
  65 135244034559648 6.043
  66 42199320304916 2.838
  67 13312230773183 1.514
  68 53098798573647 3.351
  69 149368273092608 6.511
  70 125304075532 0.307
  71 116554634236556 5.486
  72 12258653984550 1.460
  73 162824581440 0.379
  74 114246611640018 5.715
  75 141570489003617 6.655
  76 97890279838431 4.909
  77 168493219787137 7.195
  78 74455050883536 4.032
  79 1318153658679 0.554
  80 96072638018868 4.784
  81 251408888640 0.371
  82 5155014427136 0.968
  83 19050915375 0.234
  84 581037193216 0.426
  85 5800791152132 1.034
  86 1462065595200 0.568
  87 85967926991610 4.786
  88 50923139859324 3.183
  89 35164419726600 2.531
  90 143746514189 0.311
  91 4066637460305 0.875
  92 302409604224 0.400
  93 42671898293080 2.989
  94 117127635998400 5.622
  95 9250878384150 1.234
  96 121010193040 0.316
  97 173428861543406 6.990
  98 37415027256425 2.623
  99 8650637385728 1.206
